  0         0    1.0000
    0.3142    0.3090    0.9511
    0.6283    0.5878    0.8090
    0.9425    0.8090    0.5878
    1.2566    0.9511    0.3090
    1.5708    1.0000    0.0000
    1.8850    0.9511   -0.3090
    2.1991    0.8090   -0.5878
    2.5133    0.5878   -0.8090
    2.8274    0.3090   -0.9511
    3.1416    0.0000   -1.0000
    3.4558   -0.3090   -0.9511
    3.7699   -0.5878   -0.8090
    4.0841   -0.8090   -0.5878
    4.3982   -0.9511   -0.3090
    4.7124   -1.0000   -0.0000
    5.0265   -0.9511    0.3090
    5.3407   -0.8090    0.5878
    5.6549   -0.5878    0.8090
    5.9690   -0.3090    0.9511
    6.2832   -0.0000    1.0000
    6.5973    0.3090    0.9511
    6.9115    0.5878    0.8090
    7.2257    0.8090    0.5878
    7.5398    0.9511    0.3090
    7.8540    1.0000    0.0000
    8.1681    0.9511   -0.3090
    8.4823    0.8090   -0.5878
    8.7965    0.5878   -0.8090
    9.1106    0.3090   -0.9511
    9.4248    0.0000   -1.0000
    9.7389   -0.3090   -0.9511
   10.0531   -0.5878   -0.8090
   10.3673   -0.8090   -0.5878
   10.6814   -0.9511   -0.3090
   10.9956   -1.0000   -0.0000
   11.3097   -0.9511    0.3090
   11.6239   -0.8090    0.5878
   11.9381   -0.5878    0.8090
   12.2522   -0.3090    0.9511
   12.5664   -0.0000    1.0000
   12.8805    0.3090    0.9511
   13.1947    0.5878    0.8090
   13.5088    0.8090    0.5878
   13.8230    0.9511    0.3090
   14.1372    1.0000    0.0000
   14.4513    0.9511   -0.3090
   14.7655    0.8090   -0.5878
   15.0796    0.5878   -0.8090
   15.3938    0.3090   -0.9511
   15.7080    0.0000   -1.0000
   16.0221   -0.3090   -0.9511
   16.3363   -0.5878   -0.8090
   16.6504   -0.8090   -0.5878
   16.9646   -0.9511   -0.3090
   17.2788   -1.0000   -0.0000
   17.5929   -0.9511    0.3090
   17.9071   -0.8090    0.5878
   18.2212   -0.5878    0.8090
   18.5354   -0.3090    0.9511
   18.8496   -0.0000    1.0000
   19.1637    0.3090    0.9511
   19.4779    0.5878    0.8090
   19.7920    0.8090    0.5878
   20.1062    0.9511    0.3090
   20.4204    1.0000   -0.0000
   20.7345    0.9511   -0.3090
   21.0487    0.8090   -0.5878
   21.3628    0.5878   -0.8090
   21.6770    0.3090   -0.9511
   21.9911    0.0000   -1.0000
   22.3053   -0.3090   -0.9511
   22.6195   -0.5878   -0.8090
   22.9336   -0.8090   -0.5878
   23.2478   -0.9511   -0.3090
   23.5619   -1.0000   -0.0000
   23.8761   -0.9511    0.3090
   24.1903   -0.8090    0.5878
   24.5044   -0.5878    0.8090
   24.8186   -0.3090    0.9511
   25.1327   -0.0000    1.0000
   25.4469    0.3090    0.9511
   25.7611    0.5878    0.8090
   26.0752    0.8090    0.5878
   26.3894    0.9511    0.3090
   26.7035    1.0000   -0.0000
   27.0177    0.9511   -0.3090
   27.3319    0.8090   -0.5878
   27.6460    0.5878   -0.8090
   27.9602    0.3090   -0.9511
   28.2743    0.0000   -1.0000
   28.5885   -0.3090   -0.9511
   28.9027   -0.5878   -0.8090
   29.2168   -0.8090   -0.5878
   29.5310   -0.9511   -0.3090
   29.8451   -1.0000   -0.0000
   30.1593   -0.9511    0.3090
   30.4734   -0.8090    0.5878
   30.7876   -0.5878    0.8090
   31.1018   -0.3090    0.9511
   31.4159   -0.0000    1.0000